0 0.783594 0.774219 0.251562 0.098438
0 0.767187 0.661719 0.259375 0.101562
0 0.776562 0.549219 0.253125 0.089063
0 0.767969 0.440625 0.239063 0.087500
0 0.772656 0.309375 0.289062 0.103125
0 0.501562 0.787500 0.246875 0.078125
0 0.495312 0.680469 0.259375 0.089062
0 0.491406 0.564844 0.285937 0.101562
0 0.496875 0.439844 0.287500 0.098437
0 0.764062 0.196875 0.259375 0.087500
0 0.485937 0.222656 0.246875 0.073438
0 0.207031 0.778906 0.273438 0.098438
0 0.212500 0.677344 0.250000 0.073437
0 0.208594 0.564062 0.257812 0.112500
0 0.209375 0.442969 0.262500 0.095313
0 0.197656 0.346094 0.257812 0.079687
0 0.204687 0.238281 0.221875 0.076563
0 0.492969 0.330469 0.267187 0.082812
